20 15
0
F 6 10 1 3 7
F 14 8 1 3 7
F 7 1 1 3 7
F 17 1 1 3 7
F 2 6 1 3 7
F 13 9 1 3 7
W 13 1 1 9 5
W 17 8 1 9 5
W 18 2 1 9 5
W 2 8 1 9 5
A 14 11 1 4 4
A 8 10 1 4 4
A 5 8 1 4 4
A 15 13 1 4 4
A 0 2 1 4 4
A 14 5 1 4 4
S 9 13 1 4 4
S 11 0 1 4 4
S 4 4 1 4 4
S 18 6 1 4 4
S 15 5 1 4 4
S 16 10 1 4 4
S 0 4 1 4 4
S 8 7 1 4 4
S 12 9 1 4 4
S 5 2 1 4 4
! 16 11 -5 5 4
T 15 7 1 2 1
T 16 4 1 2 1
T 13 4 1 2 1
T 14 4 1 2 1
T 17 11 1 2 1
T 19 0 1 2 1
_ 0 0 5 0 0
_ 0 1 5 0 0
_ 0 3 5 0 0
_ 0 5 5 0 0
_ 0 7 5 0 0
_ 0 8 5 0 0
_ 0 10 5 0 0
_ 0 11 5 0 0
_ 0 12 5 0 0
_ 0 13 5 0 0
_ 0 14 5 0 0
_ 1 1 5 0 0
_ 1 3 5 0 0
_ 1 4 5 0 0
_ 1 5 5 0 0
_ 1 6 5 0 0
_ 1 7 5 0 0
_ 1 8 5 0 0
_ 1 9 5 0 0
_ 1 10 5 0 0
_ 1 11 5 0 0
_ 1 12 5 0 0
_ 1 13 5 0 0
_ 1 14 5 0 0
_ 2 0 5 0 0
_ 2 1 5 0 0
_ 2 2 5 0 0
_ 2 3 5 0 0
_ 2 4 5 0 0
_ 2 5 5 0 0
_ 2 7 5 0 0
_ 2 9 5 0 0
_ 2 10 5 0 0
_ 2 11 5 0 0
_ 2 12 5 0 0
_ 2 13 5 0 0
_ 2 14 5 0 0
_ 3 0 5 0 0
_ 3 1 5 0 0
_ 3 2 5 0 0
_ 3 4 5 0 0
_ 3 6 5 0 0
_ 3 7 5 0 0
_ 3 8 5 0 0
_ 3 9 5 0 0
_ 3 10 5 0 0
_ 3 11 5 0 0
_ 3 13 5 0 0
_ 3 14 5 0 0
_ 4 0 5 0 0
_ 4 1 5 0 0
_ 4 2 5 0 0
_ 4 3 5 0 0
_ 4 5 5 0 0
_ 4 6 5 0 0
_ 4 7 5 0 0
_ 4 8 5 0 0
_ 4 9 5 0 0
_ 4 10 5 0 0
_ 4 11 5 0 0
_ 4 12 5 0 0
_ 4 13 5 0 0
_ 4 14 5 0 0
_ 5 0 5 0 0
_ 5 1 5 0 0
_ 5 3 5 0 0
_ 5 4 5 0 0
_ 5 5 5 0 0
_ 5 6 5 0 0
_ 5 7 5 0 0
_ 5 9 5 0 0
_ 5 10 5 0 0
_ 5 11 5 0 0
_ 5 12 5 0 0
_ 5 13 5 0 0
_ 5 14 5 0 0
_ 6 0 5 0 0
_ 6 1 5 0 0
_ 6 2 5 0 0
_ 6 4 5 0 0
_ 6 5 5 0 0
_ 6 6 5 0 0
_ 6 7 5 0 0
_ 6 8 5 0 0
_ 6 9 5 0 0
_ 6 11 5 0 0
_ 6 12 5 0 0
_ 6 13 5 0 0
_ 6 14 5 0 0
_ 7 0 5 0 0
_ 7 2 5 0 0
_ 7 3 5 0 0
_ 7 4 5 0 0
_ 7 5 5 0 0
_ 7 6 5 0 0
_ 7 7 5 0 0
_ 7 8 5 0 0
_ 7 9 5 0 0
_ 7 10 5 0 0
_ 7 11 5 0 0
_ 7 12 5 0 0
_ 7 13 5 0 0
_ 7 14 5 0 0
_ 8 0 5 0 0
_ 8 1 5 0 0
_ 8 2 5 0 0
_ 8 3 5 0 0
_ 8 4 5 0 0
_ 8 5 5 0 0
_ 8 6 5 0 0
_ 8 8 5 0 0
_ 8 11 5 0 0
_ 8 12 5 0 0
_ 8 13 5 0 0
_ 8 14 5 0 0
_ 9 0 5 0 0
_ 9 1 5 0 0
_ 9 2 5 0 0
_ 9 3 5 0 0
_ 9 4 5 0 0
_ 9 5 5 0 0
_ 9 6 5 0 0
_ 9 7 5 0 0
_ 9 8 5 0 0
_ 9 9 5 0 0
_ 9 10 5 0 0
_ 9 12 5 0 0
_ 9 14 5 0 0
_ 10 0 5 0 0
_ 10 1 5 0 0
_ 10 2 5 0 0
_ 10 3 5 0 0
_ 10 4 5 0 0
_ 10 5 5 0 0
_ 10 6 5 0 0
_ 10 7 5 0 0
_ 10 8 5 0 0
_ 10 9 5 0 0
_ 10 11 5 0 0
_ 10 12 5 0 0
_ 10 13 5 0 0
_ 10 14 5 0 0
_ 11 1 5 0 0
_ 11 2 5 0 0
_ 11 3 5 0 0
_ 11 4 5 0 0
_ 11 5 5 0 0
_ 11 6 5 0 0
_ 11 7 5 0 0
_ 11 8 5 0 0
_ 11 9 5 0 0
_ 11 10 5 0 0
_ 11 11 5 0 0
_ 11 12 5 0 0
_ 11 13 5 0 0
_ 11 14 5 0 0
_ 12 0 5 0 0
_ 12 1 5 0 0
_ 12 2 5 0 0
_ 12 3 5 0 0
_ 12 4 5 0 0
_ 12 5 5 0 0
_ 12 6 5 0 0
_ 12 7 5 0 0
_ 12 8 5 0 0
_ 12 10 5 0 0
_ 12 11 5 0 0
_ 12 12 5 0 0
_ 12 13 5 0 0
_ 12 14 5 0 0
_ 13 0 5 0 0
_ 13 2 5 0 0
_ 13 3 5 0 0
_ 13 5 5 0 0
_ 13 6 5 0 0
_ 13 7 5 0 0
_ 13 8 5 0 0
_ 13 11 5 0 0
_ 13 12 5 0 0
_ 13 13 5 0 0
_ 13 14 5 0 0
_ 14 0 5 0 0
_ 14 1 5 0 0
_ 14 2 5 0 0
_ 14 3 5 0 0
_ 14 6 5 0 0
_ 14 7 5 0 0
_ 14 9 5 0 0
_ 14 10 5 0 0
_ 14 12 5 0 0
_ 14 13 5 0 0
_ 14 14 5 0 0
_ 15 0 5 0 0
_ 15 1 5 0 0
_ 15 2 5 0 0
_ 15 3 5 0 0
_ 15 4 5 0 0
_ 15 6 5 0 0
_ 15 8 5 0 0
_ 15 9 5 0 0
_ 15 10 5 0 0
_ 15 11 5 0 0
_ 15 12 5 0 0
_ 16 0 5 0 0
_ 16 1 5 0 0
_ 16 2 5 0 0
_ 16 3 5 0 0
_ 16 5 5 0 0
_ 16 6 5 0 0
_ 16 8 5 0 0
_ 16 9 5 0 0
_ 16 12 5 0 0
_ 16 13 5 0 0
_ 16 14 5 0 0
_ 17 0 5 0 0
_ 17 2 5 0 0
_ 17 3 5 0 0
_ 17 4 5 0 0
_ 17 5 5 0 0
_ 17 6 5 0 0
_ 17 7 5 0 0
_ 17 9 5 0 0
_ 17 10 5 0 0
_ 17 12 5 0 0
_ 17 13 5 0 0
_ 17 14 5 0 0
_ 18 0 5 0 0
_ 18 1 5 0 0
_ 18 3 5 0 0
_ 18 4 5 0 0
_ 18 5 5 0 0
_ 18 7 5 0 0
_ 18 8 5 0 0
_ 18 9 5 0 0
_ 18 10 5 0 0
_ 18 11 5 0 0
_ 18 12 5 0 0
_ 18 13 5 0 0
_ 18 14 5 0 0
_ 19 1 5 0 0
_ 19 2 5 0 0
_ 19 3 5 0 0
_ 19 4 5 0 0
_ 19 5 5 0 0
_ 19 6 5 0 0
_ 19 8 5 0 0
_ 19 10 5 0 0
_ 19 11 5 0 0
_ 19 13 5 0 0
_ 19 14 5 0 0
d 15 14 5 0 0
d 19 9 5 0 0
d 9 11 5 0 0
d 1 2 5 0 0
g 10 10 5 0 0
g 13 10 5 0 0
g 16 7 5 0 0
g 8 9 5 0 0
g 19 7 5 0 0
g 3 3 5 0 0
s 0 6 0 10 0
s 3 5 0 10 0
s 1 0 0 10 0
w 3 12 5 99 0
w 0 9 5 99 0
w 19 12 5 99 0
w 6 3 5 99 0





